1e+11    192.781    1835.48
1.1e+11    193.138    1835.48
1.21e+11    193.51    1835.48
1.331e+11    193.924    1835.48
1.4641e+11    194.346    1835.48
1.61051e+11    194.779    1835.48
1.77156e+11    195.221    1835.48
1.94872e+11    195.672    1835.48
2.14359e+11    196.133    1835.48
2.35795e+11    196.604    1835.48
2.59374e+11    197.084    1835.48
2.85312e+11    197.574    1835.48
3.13843e+11    198.075    1835.48
3.45227e+11    198.584    1835.48
3.7975e+11    199.105    1835.48
4.17725e+11    199.635    1835.48
4.59497e+11    200.175    1835.48
5.05447e+11    200.726    1835.48
5.55992e+11    201.286    1835.48
6.11591e+11    201.857    1835.48
6.7275e+11    202.439    1835.48
7.40025e+11    203.031    1835.48
8.14027e+11    203.633    1835.48
8.9543e+11    204.247    1835.48
9.84973e+11    204.871    1835.48
1.08347e+12    205.506    1835.48
1.19182e+12    206.152    1835.48
1.311e+12    206.809    1835.48
1.4421e+12    207.477    1835.48
1.58631e+12    208.156    1835.48
1.74494e+12    208.846    1835.48
1.91943e+12    209.548    1835.48
2.11138e+12    210.262    1835.48
2.32252e+12    210.987    1835.48
2.55477e+12    211.723    1835.48
2.81024e+12    212.472    1835.48
3.09127e+12    213.232    1835.48
3.40039e+12    214.004    1835.48
3.74043e+12    214.789    1835.48
4.11448e+12    215.586    1835.48
4.52593e+12    216.395    1835.48
4.97852e+12    217.216    1835.48
5.47637e+12    218.05    1835.48
6.02401e+12    218.897    1835.48
6.62641e+12    219.757    1835.48
7.28905e+12    220.629    1835.48
8.01795e+12    221.515    1835.48
8.81975e+12    222.414    1835.48
9.70172e+12    223.326    1835.48
1.06719e+13    224.252    1835.48
1.17391e+13    225.191    1835.48
1.2913e+13    226.222    1835.48
1.42043e+13    227.285    1835.48
1.56247e+13    228.359    1835.48
1.71872e+13    229.444    1835.48
1.89059e+13    230.54    1835.48
2.07965e+13    231.647    1835.48
2.28762e+13    232.765    1835.48
2.51638e+13    233.894    1835.48
2.76801e+13    235.034    1835.48
3.04482e+13    236.186    1835.48
3.3493e+13    237.349    1835.48
3.68423e+13    238.524    1835.48
4.05265e+13    239.711    1835.48
4.45792e+13    240.909    1835.48
4.90371e+13    242.12    1835.48
5.39408e+13    243.343    1835.48
5.93349e+13    244.578    1835.48
6.52683e+13    245.826    1835.48
7.17952e+13    247.085    1835.48
7.89747e+13    248.358    1835.48
8.68722e+13    249.643    1835.48
9.55594e+13    250.942    1835.48
1.05115e+14    252.253    1835.48
1.15627e+14    253.577    1835.48
1.2719e+14    254.915    1835.48
1.39908e+14    256.266    1835.48
1.53899e+14    257.631    1835.48
1.69289e+14    259.009    1835.48
1.86218e+14    260.402    1835.48
2.0484e+14    261.808    1835.48
2.25324e+14    263.228    1835.48
2.47856e+14    264.663    1835.48
2.72642e+14    266.112    1835.48
2.99906e+14    267.576    1835.48
3.29897e+14    269.055    1835.48
3.62887e+14    270.548    1835.48
3.99175e+14    272.056    1835.48
4.39093e+14    273.58    1835.48
4.83002e+14    275.119    1835.48
5.31302e+14    276.673    1835.48
5.84432e+14    278.244    1835.48
6.42876e+14    279.83    1835.48
7.07163e+14    281.432    1835.48
7.7788e+14    283.051    1835.48
8.55668e+14    284.685    1835.48
9.41234e+14    286.337    1835.48
1.03536e+15    288.005    1835.48
1.13889e+15    289.69    1835.48
1.25278e+15    291.579    1835.48
1.37806e+15    293.688    1835.48
1.51587e+15    295.804    1835.48
1.66745e+15    297.925    1835.48
1.8342e+15    300.051    1835.48
2.01762e+15    302.183    1835.48
2.21938e+15    304.321    1835.48
2.44132e+15    306.463    1835.48
2.68545e+15    308.611    1835.48
2.954e+15    310.763    1835.48
3.2494e+15    312.921    1835.48
3.57434e+15    315.083    1835.48
3.93177e+15    317.25    1835.48
4.32495e+15    319.422    1835.48
4.75744e+15    321.598    1835.48
5.23319e+15    323.778    1835.48
5.7565e+15    325.963    1835.48
6.33215e+15    328.152    1835.48
6.96537e+15    330.345    1835.48
7.66191e+15    332.541    1835.48
8.4281e+15    334.742    1835.48
9.27091e+15    336.946    1835.48
1.0198e+16    339.154    1835.48
1.12178e+16    341.365    1835.48
1.23396e+16    343.579    1835.48
1.35735e+16    345.797    1835.48
1.49309e+16    348.018    1835.48
1.6424e+16    350.242    1835.48
1.80664e+16    352.468    1835.48
1.9873e+16    354.697    1835.48
2.18603e+16    356.929    1835.48
2.40463e+16    359.163    1835.48
2.6451e+16    361.4    1835.48
2.90961e+16    363.639    1835.48
3.20057e+16    365.88    1835.48
3.52063e+16    368.122    1835.48
3.87269e+16    370.367    1835.48
4.25996e+16    372.612    1835.48
4.68595e+16    374.86    1835.48
5.15455e+16    377.109    1835.48
5.67e+16    379.359    1835.48
6.237e+16    381.611    1835.48
6.8607e+16    383.863    1835.48
7.54677e+16    386.116    1835.48
8.30145e+16    388.37    1835.48
9.1316e+16    390.624    1835.48
1.00448e+17    392.879    1835.48
1.10492e+17    395.134    1835.48
1.21542e+17    397.381    1835.48
1.33696e+17    399.59    1835.48
1.47065e+17    401.799    1835.48
1.61772e+17    404.01    1835.48
1.77949e+17    406.222    1835.48
1.95744e+17    408.434    1835.48
2.15318e+17    410.648    1835.48
2.3685e+17    412.863    1835.48
2.60535e+17    415.077    1835.48
2.86589e+17    417.293    1835.48
3.15247e+17    419.508    1835.48
3.46772e+17    421.724    1835.48
3.81449e+17    423.94    1835.48
4.19594e+17    426.156    0
4.61554e+17    428.372    0
5.07709e+17    430.587    0
5.5848e+17    432.803    0
6.14328e+17    435.017    0
6.75761e+17    437.231    0
7.43337e+17    439.445    0
8.17671e+17    441.657    0
8.99438e+17    443.868    0
9.89382e+17    446.079    0
1.08832e+18    448.288    0
1.19715e+18    450.496    0
1.31687e+18    452.702    0
1.44855e+18    454.907    0
1.59341e+18    457.109    0
1.75275e+18    459.31    0
1.92802e+18    461.509    0
2.12083e+18    463.706    0
2.33291e+18    465.901    0
2.5662e+18    468.093    0
2.82282e+18    470.282    0
3.1051e+18    472.469    0
3.41561e+18    474.653    0
3.75717e+18    476.834    0
4.13289e+18    479.012    0
4.54618e+18    481.187    0
5.0008e+18    483.358    0
5.50088e+18    485.526    0
6.05097e+18    487.69    0
6.65606e+18    489.851    0
7.32167e+18    492.008    0
8.05384e+18    494.16    0
8.85922e+18    496.309    0
9.74514e+18    498.453    0
1.07197e+19    500.593    0
1.17916e+19    502.728    0
1.29708e+19    504.859    0
1.42679e+19    506.984    0
1.56947e+19    509.105    0
1.72641e+19    511.22    0
1.89905e+19    513.331    0
2.08896e+19    515.436    0
2.29785e+19    517.536    0
2.52764e+19    519.629    0
2.7804e+19    521.718    0
3.05844e+19    523.799    0
3.36429e+19    525.875    0
3.70072e+19    527.945    0
4.07079e+19    530.008    0
4.47787e+19    532.066    0
4.92565e+19    534.116    0
5.41822e+19    536.16    0
5.96004e+19    538.196    0
6.55605e+19    540.226    0
7.21165e+19    542.249    0
7.93281e+19    544.263    0
8.7261e+19    546.271    0
9.59871e+19    548.271    0
