1e+11    198.406    37.5957
1.1e+11    199.197    37.8426
1.21e+11    199.989    38.0895
1.331e+11    200.781    38.3366
1.4641e+11    201.565    38.592
1.61051e+11    202.349    38.8476
1.77156e+11    203.134    39.1032
1.94872e+11    203.919    39.3589
2.14359e+11    204.7    39.6142
2.35795e+11    205.463    39.8665
2.59374e+11    206.226    40.119
2.85312e+11    206.988    40.3714
3.13843e+11    207.751    40.624
3.45227e+11    208.533    40.8866
3.7975e+11    209.355    41.1724
4.17725e+11    210.178    41.4582
4.59497e+11    211.001    41.7441
5.05447e+11    211.824    42.03
5.55992e+11    212.66    42.3249
6.11591e+11    213.513    42.6303
6.7275e+11    214.365    42.9358
7.40025e+11    215.217    43.2412
8.14027e+11    216.07    43.5467
8.9543e+11    216.94    43.8647
9.84973e+11    217.821    44.1901
1.08347e+12    218.702    44.5155
1.19182e+12    219.583    44.8409
1.311e+12    220.464    45.1664
1.4421e+12    221.367    45.5074
1.58631e+12    222.274    45.8524
1.74494e+12    223.182    46.1974
1.91943e+12    224.089    46.5425
2.11138e+12    224.997    46.8875
2.32252e+12    225.932    47.2545
2.55477e+12    226.868    47.6223
2.81024e+12    227.804    47.9902
3.09127e+12    228.74    48.358
3.40039e+12    229.679    48.7287
3.74043e+12    230.64    49.1184
4.11448e+12    231.601    49.508
4.52593e+12    232.562    49.8977
4.97852e+12    233.523    50.2874
5.47637e+12    234.509    50.6865
6.02401e+12    235.555    51.108
6.62641e+12    236.601    51.5294
7.28905e+12    237.647    51.9509
8.01795e+12    238.694    52.3724
8.81975e+12    239.784    52.8215
9.70172e+12    240.927    53.3027
1.06719e+13    242.069    53.7838
1.17391e+13    243.212    54.265
1.2913e+13    244.355    54.7462
1.42043e+13    245.583    55.2788
1.56247e+13    246.861    55.8417
1.71872e+13    248.139    56.4046
1.89059e+13    249.417    56.9675
2.07965e+13    250.695    57.5303
2.28762e+13    252.117    58.1807
2.51638e+13    253.576    58.8531
2.76801e+13    255.034    59.5254
3.04482e+13    256.493    60.1978
3.3493e+13    257.952    60.8702
3.68423e+13    259.634    61.6811
4.05265e+13    261.324    62.4968
4.45792e+13    263.013    63.3124
4.90371e+13    264.703    64.1281
5.39408e+13    266.431    64.9683
5.93349e+13    268.403    65.9663
6.52683e+13    270.375    66.9642
7.17952e+13    272.347    67.9621
7.89747e+13    274.319    68.96
8.68722e+13    276.391    70.0263
9.55594e+13    278.694    71.2497
1.05115e+14    280.997    72.4732
1.15627e+14    283.3    73.6966
1.2719e+14    285.603    74.92
1.39908e+14    288.082    76.2712
1.53899e+14    290.757    77.7656
1.69289e+14    293.433    79.2601
1.86218e+14    296.109    80.7546
2.0484e+14    298.785    82.2491
2.25324e+14    301.719    83.9458
2.47856e+14    304.798    85.7566
2.72642e+14    307.877    87.5674
2.99906e+14    310.956    89.3782
3.29897e+14    314.036    91.189
3.62887e+14    317.455    93.2894
3.99175e+14    320.955    95.4588
4.39093e+14    324.456    97.6282
4.83002e+14    327.956    99.7977
5.31302e+14    331.457    101.967
5.84432e+14    333.569    103.368
6.42876e+14    335.646    104.75
7.07163e+14    337.724    106.132
7.7788e+14    339.802    107.514
8.55668e+14    341.884    108.907
9.41234e+14    343.991    110.362
1.03536e+15    346.099    111.817
1.13889e+15    348.207    113.273
1.25278e+15    350.315    114.728
1.37806e+15    352.431    116.206
1.51587e+15    354.564    117.734
1.66745e+15    356.698    119.262
1.8342e+15    358.831    120.789
2.01762e+15    360.964    122.317
2.21938e+15    363.108    123.879
2.44132e+15    365.262    125.478
2.68545e+15    367.417    127.076
2.954e+15    369.571    128.675
3.2494e+15    371.726    130.274
3.57434e+15    373.891    131.917
3.93177e+15    376.062    133.584
4.32495e+15    378.233    135.252
4.75744e+15    380.404    136.919
5.23319e+15    382.576    138.586
5.7565e+15    384.759    140.309
6.33215e+15    386.944    142.044
6.96537e+15    389.13    143.779
7.66191e+15    391.316    145.513
8.4281e+15    393.502    147.248
9.27091e+15    395.696    149.045
1.0198e+16    397.891    150.842
1.12178e+16    400.086    152.639
1.23396e+16    402.281    154.437
1.35735e+16    404.476    156.243
1.49309e+16    406.679    158.101
1.6424e+16    408.882    159.958
1.80664e+16    411.085    161.816
1.9873e+16    413.287    163.673
2.18603e+16    415.491    165.549
2.40463e+16    417.699    167.462
2.6451e+16    419.907    169.375
2.90961e+16    422.115    171.288
3.20057e+16    424.322    173.201
3.52063e+16    426.532    175.139
3.87269e+16    428.743    177.103
4.25996e+16    430.954    179.067
4.68595e+16    433.165    181.031
5.15455e+16    435.376    182.996
5.67e+16    437.589    184.991
6.237e+16    439.803    187.002
6.8607e+16    442.017    189.013
7.54677e+16    444.231    191.024
8.30145e+16    446.445    193.035
9.1316e+16    448.659    195.08
1.00448e+17    450.874    197.133
1.10492e+17    453.089    199.185
1.21542e+17    455.304    201.238
1.33696e+17    457.519    203.29
1.47065e+17    459.735    205.379
1.61772e+17    461.951    207.469
1.77949e+17    464.168    209.558
1.95744e+17    466.384    211.647
2.15318e+17    468.6    213.742
2.3685e+17    470.817    215.863
2.60535e+17    473.033    217.984
2.86589e+17    475.25    220.106
3.15247e+17    477.467    222.227
3.46772e+17    479.684    224.357
3.81449e+17    481.901    226.505
4.19594e+17    484.119    228.654
4.61554e+17    486.337    230.803
5.07709e+17    488.554    232.951
5.5848e+17    490.773    235.111
6.14328e+17    492.991    237.282
6.75761e+17    495.21    239.453
7.43337e+17    497.429    241.624
8.17671e+17    499.648    243.795
8.99438e+17    501.867    245.978
9.89382e+17    504.087    248.167
1.08832e+18    506.307    250.356
1.19715e+18    508.527    252.545
1.31687e+18    510.748    254.734
1.44855e+18    512.969    256.934
1.59341e+18    515.191    259.137
1.75275e+18    517.412    261.339
1.92802e+18    519.634    263.542
2.12083e+18    521.855    265.744
2.33291e+18    524.079    267.956
2.5662e+18    526.303    270.168
2.82282e+18    528.527    272.38
3.1051e+18    530.751    274.592
3.41561e+18    532.976    276.805
3.75717e+18    535.202    279.022
4.13289e+18    537.428    281.239
4.54618e+18    539.655    283.456
5.0008e+18    541.881    285.673
5.50088e+18    544.109    287.89
6.05097e+18    546.338    290.109
6.65606e+18    548.567    292.327
7.32167e+18    550.796    294.545
8.05384e+18    553.025    296.764
8.85922e+18    555.257    298.982
9.74514e+18    557.491    301.2
1.07197e+19    559.726    303.418
1.17916e+19    561.96    305.636
1.29708e+19    564.194    307.854
1.42679e+19    566.431    310.069
1.56947e+19    568.669    312.281
1.72641e+19    570.906    314.494
1.89905e+19    573.144    316.707
2.08896e+19    575.382    318.919
2.29785e+19    577.624    321.126
2.52764e+19    579.867    323.332
2.7804e+19    582.11    325.538
3.05844e+19    584.352    327.744
3.36429e+19    586.595    329.95
3.70072e+19    588.844    332.147
4.07079e+19    591.094    334.345
4.47787e+19    593.343    336.543
4.92565e+19    595.592    338.741
5.41822e+19    597.843    340.937
5.96004e+19    600.097    343.123
6.55605e+19    602.352    345.309
7.21165e+19    604.606    347.496
7.93281e+19    606.861    349.682
8.7261e+19    609.118    351.865
9.59871e+19    611.38    354.04
