1e+11    16.3661    2.40356
1.1e+11    16.6735    2.2457
1.21e+11    16.9463    2.08215
1.331e+11    17.1262    2.01399
1.4641e+11    17.2265    2.02774
1.61051e+11    17.3287    2.0419
1.77156e+11    17.4328    2.05647
1.94872e+11    17.5388    2.07142
2.14359e+11    17.6466    2.08676
2.35795e+11    17.7561    2.10248
2.59374e+11    17.8674    2.11857
2.85312e+11    17.9805    2.13502
3.13843e+11    18.0952    2.15183
3.45227e+11    18.2116    2.169
3.7975e+11    18.3297    2.18651
4.17725e+11    18.4494    2.20436
4.59497e+11    18.5708    2.22255
5.05447e+11    18.6938    2.24107
5.55992e+11    18.8183    2.25992
6.11591e+11    18.9444    2.27909
6.7275e+11    19.0721    2.29858
7.40025e+11    19.2013    2.31839
8.14027e+11    19.332    2.33851
8.9543e+11    19.4642    2.35895
9.84973e+11    19.598    2.37969
1.08347e+12    19.7332    2.40073
1.19182e+12    19.8699    2.42208
1.311e+12    20.0081    2.44372
1.4421e+12    20.1478    2.46567
1.58631e+12    20.2889    2.4879
1.74494e+12    20.4315    2.51044
1.91943e+12    20.5756    2.53326
2.11138e+12    20.721    2.55637
2.32252e+12    20.868    2.57978
2.55477e+12    21.0163    2.60347
2.81024e+12    21.1661    2.62744
3.09127e+12    21.3173    2.65171
3.40039e+12    21.47    2.67625
3.74043e+12    21.6241    2.70108
4.11448e+12    21.7796    2.7262
4.52593e+12    21.9365    2.7516
4.97852e+12    22.0949    2.77728
5.47637e+12    22.2547    2.80324
6.02401e+12    22.4159    2.82948
6.62641e+12    22.5786    2.85601
7.28905e+12    22.7427    2.88282
8.01795e+12    22.9082    2.90991
8.81975e+12    23.0752    2.93728
9.70172e+12    23.2436    2.96493
1.06719e+13    23.4134    2.99287
1.17391e+13    23.5847    3.02109
1.2913e+13    23.7575    3.04959
1.42043e+13    23.9317    3.07838
1.56247e+13    24.1074    3.10745
1.71872e+13    24.2846    3.1368
1.89059e+13    24.4632    3.16644
2.07965e+13    24.6433    3.19637
2.28762e+13    24.8249    3.22659
2.51638e+13    25.008    3.25709
2.76801e+13    25.1926    3.28788
3.04482e+13    25.3787    3.31897
3.3493e+13    25.5663    3.35034
3.68423e+13    25.7554    3.38201
4.05265e+13    25.9461    3.41397
4.45792e+13    26.1383    3.44622
4.90371e+13    26.332    3.47878
5.39408e+13    26.5273    3.51163
5.93349e+13    26.7242    3.54477
6.52683e+13    26.9226    3.57822
7.17952e+13    27.1226    3.61197
7.89747e+13    27.3242    3.64603
8.68722e+13    27.5274    3.68038
9.55594e+13    27.7323    3.71505
1.05115e+14    27.9387    3.75002
1.15627e+14    28.1468    3.7853
1.2719e+14    28.3565    3.8209
1.39908e+14    28.5678    3.85681
1.53899e+14    28.7808    3.89303
1.69289e+14    28.9955    3.92957
1.86218e+14    29.2118    3.96642
2.0484e+14    29.4299    4.0036
2.25324e+14    29.6497    4.0411
2.47856e+14    29.8711    4.07893
2.72642e+14    30.0943    4.11708
2.99906e+14    30.3193    4.15556
3.29897e+14    30.546    4.19437
3.62887e+14    30.7744    4.23351
3.99175e+14    31.0046    4.27298
4.39093e+14    31.2367    4.3128
4.83002e+14    31.4705    4.35295
5.31302e+14    31.7061    4.39344
5.84432e+14    31.9436    4.43428
6.42876e+14    32.1828    4.47546
7.07163e+14    32.424    4.51699
7.7788e+14    32.667    4.55888
8.55668e+14    32.9119    4.60111
9.41234e+14    33.1587    4.6437
1.03536e+15    33.4074    4.68664
1.13889e+15    33.658    4.72995
1.25278e+15    33.9105    4.77362
1.37806e+15    34.165    4.81765
1.51587e+15    34.4215    4.86205
1.66745e+15    34.6799    4.90682
1.8342e+15    34.9403    4.95197
2.01762e+15    35.2028    4.99749
2.21938e+15    35.4672    5.04338
2.44132e+15    35.7337    5.08966
2.68545e+15    36.0022    5.13632
2.954e+15    36.2729    5.18337
3.2494e+15    36.5455    5.2308
3.57434e+15    36.8203    5.27863
3.93177e+15    37.0972    5.32685
4.32495e+15    37.3763    5.37547
4.75744e+15    37.6575    5.42449
5.23319e+15    37.9408    5.47391
5.7565e+15    38.2263    5.52374
6.33215e+15    38.5141    5.57397
6.96537e+15    38.804    5.62462
7.66191e+15    39.0961    5.67568
8.4281e+15    39.3906    5.72716
9.27091e+15    39.6872    5.77906
1.0198e+16    39.9862    5.83139
1.12178e+16    40.2874    5.88414
1.23396e+16    40.591    5.93732
1.35735e+16    40.8969    5.99094
1.49309e+16    41.2051    6.04499
1.6424e+16    41.5157    6.09948
1.80664e+16    41.8287    6.15441
1.9873e+16    42.1442    6.20979
2.18603e+16    42.462    6.26562
2.40463e+16    42.7823    6.32191
2.6451e+16    43.105    6.37865
2.90961e+16    43.4302    6.43584
3.20057e+16    43.7579    6.49351
3.52063e+16    44.0882    6.55163
3.87269e+16    44.4209    6.61023
4.25996e+16    44.7563    6.6693
4.68595e+16    45.0942    6.72885
5.15455e+16    45.4347    6.78888
5.67e+16    45.7778    6.8494
6.237e+16    46.1235    6.9104
6.8607e+16    46.4719    6.97189
7.54677e+16    46.823    7.03388
8.30145e+16    47.1768    7.09637
9.1316e+16    47.5333    7.15935
1.00448e+17    47.8926    7.22285
1.10492e+17    48.2546    7.28686
1.21542e+17    48.6194    7.35137
1.33696e+17    48.987    7.41641
1.47065e+17    49.3574    7.48197
1.61772e+17    49.7306    7.54806
1.77949e+17    50.1068    7.61467
1.95744e+17    50.4858    7.68182
2.15318e+17    50.8677    7.7495
2.3685e+17    51.2526    7.81773
2.60535e+17    51.6405    7.8865
2.86589e+17    52.0313    7.95583
3.15247e+17    52.4251    8.0257
3.46772e+17    52.822    8.09614
3.81449e+17    53.2219    8.16713
4.19594e+17    53.6248    8.2387
4.61554e+17    54.0309    8.31083
5.07709e+17    54.4401    8.38354
5.5848e+17    54.8525    8.45683
6.14328e+17    55.268    8.53071
6.75761e+17    55.6867    8.60517
7.43337e+17    56.1087    8.68022
8.17671e+17    56.5339    8.75588
8.99438e+17    56.9623    8.83213
9.89382e+17    57.3941    8.90899
1.08832e+18    57.8292    8.98646
1.19715e+18    58.2676    9.06455
1.31687e+18    58.7094    9.14326
1.44855e+18    59.1546    9.22259
1.59341e+18    59.6032    9.30255
1.75275e+18    60.0553    9.38315
1.92802e+18    60.5108    9.46438
2.12083e+18    60.9699    9.54626
2.33291e+18    61.4325    9.62879
2.5662e+18    61.8987    9.71198
2.82282e+18    62.3684    9.79582
3.1051e+18    62.8418    9.88033
3.41561e+18    63.3188    9.9655
3.75717e+18    63.7995    10.0513
4.13289e+18    64.2838    10.1379
4.54618e+18    64.772    10.2251
5.0008e+18    65.2638    10.313
5.50088e+18    65.7595    10.4016
6.05097e+18    66.259    10.4909
6.65606e+18    66.7623    10.5809
7.32167e+18    67.2695    10.6716
8.05384e+18    67.7806    10.763
8.85922e+18    68.2956    10.8552
9.74514e+18    68.8146    10.9481
1.07197e+19    69.3376    11.0417
1.17916e+19    69.8647    11.136
1.29708e+19    70.3958    11.2311
1.42679e+19    70.931    11.327
1.56947e+19    71.4703    11.4236
1.72641e+19    72.0137    11.5209
1.89905e+19    72.5614    11.6191
2.08896e+19    73.1133    11.718
2.29785e+19    73.6694    11.8176
2.52764e+19    74.2298    11.9181
2.7804e+19    74.7945    12.0194
3.05844e+19    75.3636    12.1214
3.36429e+19    75.9371    12.2243
3.70072e+19    76.515    12.3279
4.07079e+19    77.0973    12.4324
4.47787e+19    77.6842    12.5377
4.92565e+19    78.2755    12.6438
5.41822e+19    78.8714    12.7508
5.96004e+19    79.4719    12.8586
6.55605e+19    80.0771    12.9672
7.21165e+19    80.6869    13.0767
7.93281e+19    81.3013    13.1871
8.7261e+19    81.9206    13.2983
9.59871e+19    82.5446    13.4104
