1e+11    16.9042    2.1445
1.1e+11    17.0212    2.14705
1.21e+11    17.1382    2.14959
1.331e+11    17.2553    2.15214
1.4641e+11    17.3744    2.15816
1.61051e+11    17.4937    2.16421
1.77156e+11    17.6129    2.17028
1.94872e+11    17.7322    2.17634
2.14359e+11    17.8515    2.18264
2.35795e+11    17.9711    2.19044
2.59374e+11    18.0906    2.19823
2.85312e+11    18.2102    2.20603
3.13843e+11    18.3298    2.21383
3.45227e+11    18.4493    2.22591
3.7975e+11    18.5684    2.24817
4.17725e+11    18.6876    2.27044
4.59497e+11    18.8067    2.29271
5.05447e+11    18.9259    2.31499
5.55992e+11    19.0478    2.33851
6.11591e+11    19.1729    2.36351
6.7275e+11    19.298    2.38851
7.40025e+11    19.4232    2.41352
8.14027e+11    19.5483    2.43853
8.9543e+11    19.677    2.46516
9.84973e+11    19.8079    2.49278
1.08347e+12    19.9387    2.5204
1.19182e+12    20.0696    2.54803
1.311e+12    20.2004    2.57565
1.4421e+12    20.3356    2.60529
1.58631e+12    20.4719    2.63549
1.74494e+12    20.6083    2.66568
1.91943e+12    20.7446    2.69587
2.11138e+12    20.881    2.72607
2.32252e+12    21.0224    2.75872
2.55477e+12    21.164    2.79149
2.81024e+12    21.3057    2.82426
3.09127e+12    21.4474    2.85703
3.40039e+12    21.5896    2.89012
3.74043e+12    21.7365    2.92551
4.11448e+12    21.8834    2.96091
4.52593e+12    22.0303    2.9963
4.97852e+12    22.1772    3.0317
5.47637e+12    22.3266    3.0681
6.02401e+12    22.4824    3.10699
6.62641e+12    22.6383    3.14589
7.28905e+12    22.7941    3.18478
8.01795e+12    22.95    3.22368
8.81975e+12    23.1132    3.26505
9.70172e+12    23.2854    3.30939
1.06719e+13    23.4576    3.35372
1.17391e+13    23.6297    3.39806
1.2913e+13    23.8019    3.4424
1.42043e+13    23.9884    3.49156
1.56247e+13    24.1834    3.54364
1.71872e+13    24.3785    3.59572
1.89059e+13    24.5736    3.6478
2.07965e+13    24.7686    3.69989
2.28762e+13    24.9884    3.76068
2.51638e+13    25.2146    3.82378
2.76801e+13    25.4409    3.88687
3.04482e+13    25.6671    3.94997
3.3493e+13    25.8933    4.01307
3.68423e+13    26.1592    4.09096
4.05265e+13    26.4267    4.16949
4.45792e+13    26.6943    4.24801
4.90371e+13    26.9618    4.32654
5.39408e+13    27.2361    4.40775
5.93349e+13    27.5568    4.50736
6.52683e+13    27.8775    4.60697
7.17952e+13    28.1982    4.70658
7.89747e+13    28.5189    4.80619
8.68722e+13    28.8593    4.91411
9.55594e+13    29.2469    5.04181
1.05115e+14    29.6344    5.16952
1.15627e+14    30.0219    5.29722
1.2719e+14    30.4094    5.42493
1.39908e+14    30.8351    5.56958
1.53899e+14    31.3048    5.7338
1.69289e+14    31.7745    5.89803
1.86218e+14    32.2442    6.06225
2.0484e+14    32.7139    6.22648
2.25324e+14    33.2462    6.42001
2.47856e+14    33.815    6.63061
2.72642e+14    34.3837    6.84121
2.99906e+14    34.9525    7.0518
3.29897e+14    35.5213    7.2624
3.62887e+14    36.1841    7.51915
3.99175e+14    36.8703    7.78742
4.39093e+14    37.5565    8.05568
4.83002e+14    38.2427    8.32395
5.31302e+14    38.9289    8.59221
5.84432e+14    39.3582    8.77989
6.42876e+14    39.7793    8.96497
7.07163e+14    40.2003    9.15004
7.7788e+14    40.6214    9.33511
8.55668e+14    41.0449    9.52239
9.41234e+14    41.4843    9.72364
1.03536e+15    41.9238    9.92488
1.13889e+15    42.3632    10.1261
1.25278e+15    42.8026    10.3274
1.37806e+15    43.2475    10.5337
1.51587e+15    43.7049    10.7515
1.66745e+15    44.1622    10.9692
1.8342e+15    44.6196    11.187
2.01762e+15    45.077    11.4048
2.21938e+15    45.5426    11.6305
2.44132e+15    46.0173    11.8651
2.68545e+15    46.4921    12.0996
2.954e+15    46.9668    12.3342
3.2494e+15    47.4416    12.5687
3.57434e+15    47.9271    12.8141
3.93177e+15    48.4185    13.0654
4.32495e+15    48.91    13.3167
4.75744e+15    49.4015    13.568
5.23319e+15    49.893    13.8193
5.7565e+15    50.3979    14.0843
6.33215e+15    50.9059    14.3525
6.96537e+15    51.4139    14.6207
7.66191e+15    51.922    14.8889
8.4281e+15    52.43    15.1571
9.27091e+15    52.9531    15.4412
1.0198e+16    53.4765    15.7256
1.12178e+16    53.9999    16.0101
1.23396e+16    54.5233    16.2945
1.35735e+16    55.0489    16.5813
1.49309e+16    55.5875    16.8817
1.6424e+16    56.1261    17.1821
1.80664e+16    56.6646    17.4825
1.9873e+16    57.2032    17.7829
2.18603e+16    57.7464    18.0881
2.40463e+16    58.2995    18.4037
2.6451e+16    58.8526    18.7194
2.90961e+16    59.4056    19.0351
3.20057e+16    59.9587    19.3507
3.52063e+16    60.5185    19.6734
3.87269e+16    61.0856    20.0036
4.25996e+16    61.6526    20.3338
4.68595e+16    62.2197    20.664
5.15455e+16    62.7867    20.9942
5.67e+16    63.3627    21.3335
6.237e+16    63.9435    21.6777
6.8607e+16    64.5243    22.0218
7.54677e+16    65.1051    22.366
8.30145e+16    65.6858    22.7102
9.1316e+16    66.2773    23.0651
1.00448e+17    66.8711    23.4224
1.10492e+17    67.4649    23.7797
1.21542e+17    68.0587    24.137
1.33696e+17    68.6526    24.4943
1.47065e+17    69.259    24.8641
1.61772e+17    69.8657    25.2341
1.77949e+17    70.4723    25.604
1.95744e+17    71.0789    25.974
2.15318e+17    71.6875    26.3458
2.3685e+17    72.3065    26.7278
2.60535e+17    72.9255    27.1098
2.86589e+17    73.5445    27.4918
3.15247e+17    74.1635    27.8738
3.46772e+17    74.7865    28.2596
3.81449e+17    75.4177    28.6533
4.19594e+17    76.0489    29.047
4.61554e+17    76.6801    29.4408
5.07709e+17    77.3113    29.8345
5.5848e+17    77.9483    30.2338
6.14328e+17    78.5914    30.6389
6.75761e+17    79.2345    31.0439
7.43337e+17    79.8776    31.449
8.17671e+17    80.5206    31.8541
8.99438e+17    81.1714    32.2664
9.89382e+17    81.8261    32.6825
1.08832e+18    82.4807    33.0986
1.19715e+18    83.1354    33.5147
1.31687e+18    83.7901    33.9307
1.44855e+18    84.4542    34.3557
1.59341e+18    85.1202    34.7824
1.75275e+18    85.7862    35.2092
1.92802e+18    86.4522    35.6359
2.12083e+18    87.1182    36.0627
2.33291e+18    87.7954    36.4999
2.5662e+18    88.4726    36.9371
2.82282e+18    89.1499    37.3743
3.1051e+18    89.8271    37.8115
3.41561e+18    90.5061    38.2503
3.75717e+18    91.1942    38.6976
4.13289e+18    91.8822    39.1448
4.54618e+18    92.5703    39.592
5.0008e+18    93.2584    40.0392
5.50088e+18    93.9499    40.4897
6.05097e+18    94.6486    40.9466
6.65606e+18    95.3472    41.4035
7.32167e+18    96.0458    41.8603
8.05384e+18    96.7445    42.3172
8.85922e+18    97.4486    42.779
9.74514e+18    98.1583    43.2457
1.07197e+19    98.8679    43.7124
1.17916e+19    99.5776    44.1791
1.29708e+19    100.287    44.6458
1.42679e+19    101.004    45.1185
1.56947e+19    101.723    45.5941
1.72641e+19    102.443    46.0697
1.89905e+19    103.162    46.5453
2.08896e+19    103.882    47.0209
2.29785e+19    104.61    47.504
2.52764e+19    105.34    47.9885
2.7804e+19    106.07    48.4731
3.05844e+19    106.8    48.9576
3.36429e+19    107.53    49.4422
3.70072e+19    108.27    49.9355
4.07079e+19    109.01    50.4289
4.47787e+19    109.75    50.9223
4.92565e+19    110.49    51.4157
5.41822e+19    111.232    51.9105
5.96004e+19    111.982    52.4121
6.55605e+19    112.732    52.9137
7.21165e+19    113.481    53.4152
7.93281e+19    114.231    53.9168
8.7261e+19    114.984    54.4212
9.59871e+19    115.744    54.9312
