1e+11    18.1929    nan
1.1e+11    18.2398    nan
1.21e+11    18.2878    nan
1.331e+11    18.3348    nan
1.4641e+11    18.3833    nan
1.61051e+11    18.4335    nan
1.77156e+11    18.4852    nan
1.94872e+11    18.5386    nan
2.14359e+11    18.5936    nan
2.35795e+11    18.6502    nan
2.59374e+11    18.7085    nan
2.85312e+11    18.7685    nan
3.13843e+11    18.8301    nan
3.45227e+11    18.8935    nan
3.7975e+11    18.9585    nan
4.17725e+11    19.0253    nan
4.59497e+11    19.0939    nan
5.05447e+11    19.1642    nan
5.55992e+11    19.2363    nan
6.11591e+11    19.3102    nan
6.7275e+11    19.3859    nan
7.40025e+11    19.4635    nan
8.14027e+11    19.5429    nan
8.9543e+11    19.6242    nan
9.84973e+11    19.7074    nan
1.08347e+12    19.7925    nan
1.19182e+12    19.8795    nan
1.311e+12    19.9686    nan
1.4421e+12    20.0596    nan
1.58631e+12    20.1526    nan
1.74494e+12    20.2476    nan
1.91943e+12    20.3447    nan
2.11138e+12    20.4439    nan
2.32252e+12    20.5452    nan
2.55477e+12    20.6486    nan
2.81024e+12    20.7542    nan
3.09127e+12    20.862    nan
3.40039e+12    20.972    nan
3.74043e+12    21.0842    nan
4.11448e+12    21.1987    nan
4.52593e+12    21.3156    nan
4.97852e+12    21.4347    nan
5.47637e+12    21.5563    nan
6.02401e+12    21.6802    nan
6.62641e+12    21.8066    nan
7.28905e+12    21.9354    nan
8.01795e+12    22.0668    nan
8.81975e+12    22.2007    nan
9.70172e+12    22.3371    nan
1.06719e+13    22.4762    nan
1.17391e+13    22.618    nan
1.2913e+13    22.7807    nan
1.42043e+13    22.9508    nan
1.56247e+13    23.1229    nan
1.71872e+13    23.2972    nan
1.89059e+13    23.4736    nan
2.07965e+13    23.6522    nan
2.28762e+13    23.8331    nan
2.51638e+13    24.0161    nan
2.76801e+13    24.2015    nan
3.04482e+13    24.3891    nan
3.3493e+13    24.579    nan
3.68423e+13    24.7713    nan
4.05265e+13    24.966    nan
4.45792e+13    25.1632    nan
4.90371e+13    25.3628    nan
5.39408e+13    25.5649    nan
5.93349e+13    25.7695    nan
6.52683e+13    25.9766    nan
7.17952e+13    26.1864    nan
7.89747e+13    26.3988    nan
8.68722e+13    26.6139    nan
9.55594e+13    26.8317    nan
1.05115e+14    27.0522    nan
1.15627e+14    27.2755    nan
1.2719e+14    27.5016    nan
1.39908e+14    27.7306    nan
1.53899e+14    27.9625    nan
1.69289e+14    28.1974    nan
1.86218e+14    28.4352    nan
2.0484e+14    28.676    nan
2.25324e+14    28.9199    nan
2.47856e+14    29.167    nan
2.72642e+14    29.4172    nan
2.99906e+14    29.6705    nan
3.29897e+14    29.9272    nan
3.62887e+14    30.1871    nan
3.99175e+14    30.4504    nan
4.39093e+14    30.717    nan
4.83002e+14    30.9871    nan
5.31302e+14    31.2607    nan
5.84432e+14    31.5378    nan
6.42876e+14    31.8186    nan
7.07163e+14    32.1029    nan
7.7788e+14    32.391    nan
8.55668e+14    32.6828    nan
9.41234e+14    32.9783    nan
1.03536e+15    33.2778    nan
1.13889e+15    33.5812    nan
1.25278e+15    33.9162    nan
1.37806e+15    34.2867    nan
1.51587e+15    34.66    nan
1.66745e+15    35.0359    nan
1.8342e+15    35.4146    nan
2.01762e+15    35.796    nan
2.21938e+15    36.1801    nan
2.44132e+15    36.5669    nan
2.68545e+15    36.9564    nan
2.954e+15    37.3487    nan
3.2494e+15    37.7436    nan
3.57434e+15    38.1413    nan
3.93177e+15    38.5416    nan
4.32495e+15    38.9447    nan
4.75744e+15    39.3504    nan
5.23319e+15    39.7589    nan
5.7565e+15    40.17    nan
6.33215e+15    40.5838    nan
6.96537e+15    41.0003    nan
7.66191e+15    41.4195    nan
8.4281e+15    41.8414    nan
9.27091e+15    42.2659    nan
1.0198e+16    42.6931    nan
1.12178e+16    43.1229    nan
1.23396e+16    43.5554    nan
1.35735e+16    43.9905    nan
1.49309e+16    44.4282    nan
1.6424e+16    44.8686    nan
1.80664e+16    45.3117    nan
1.9873e+16    45.7573    nan
2.18603e+16    46.2055    nan
2.40463e+16    46.6563    nan
2.6451e+16    47.1097    nan
2.90961e+16    47.5657    nan
3.20057e+16    48.0242    nan
3.52063e+16    48.4853    nan
3.87269e+16    48.9489    nan
4.25996e+16    49.415    nan
4.68595e+16    49.8836    nan
5.15455e+16    50.3548    nan
5.67e+16    50.8285    nan
6.237e+16    51.3046    nan
6.8607e+16    51.7832    nan
7.54677e+16    52.2642    nan
8.30145e+16    52.7477    nan
9.1316e+16    53.2336    nan
1.00448e+17    53.7219    nan
1.10492e+17    54.2126    nan
1.21542e+17    54.7088    nan
1.33696e+17    55.2256    nan
1.47065e+17    55.7442    nan
1.61772e+17    56.2647    nan
1.77949e+17    56.7868    nan
1.95744e+17    57.3106    nan
2.15318e+17    57.8361    nan
2.3685e+17    58.3632    nan
2.60535e+17    58.8919    nan
2.86589e+17    59.4221    nan
3.15247e+17    59.9538    nan
3.46772e+17    60.4869    nan
3.81449e+17    61.0213    nan
4.19594e+17    61.5572    0
4.61554e+17    62.0942    0
5.07709e+17    62.6326    0
5.5848e+17    63.1721    0
6.14328e+17    63.7128    0
6.75761e+17    64.2545    0
7.43337e+17    64.7973    0
8.17671e+17    65.3411    0
8.99438e+17    65.8858    0
9.89382e+17    66.4315    0
1.08832e+18    66.9779    0
1.19715e+18    67.5252    0
1.31687e+18    68.0731    0
1.44855e+18    68.6217    0
1.59341e+18    69.171    0
1.75275e+18    69.7208    0
1.92802e+18    70.2711    0
2.12083e+18    70.8219    0
2.33291e+18    71.373    0
2.5662e+18    71.9245    0
2.82282e+18    72.4762    0
3.1051e+18    73.0282    0
3.41561e+18    73.5803    0
3.75717e+18    74.1325    0
4.13289e+18    74.6848    0
4.54618e+18    75.237    0
5.0008e+18    75.7891    0
5.50088e+18    76.3411    0
6.05097e+18    76.8929    0
6.65606e+18    77.4444    0
7.32167e+18    77.9956    0
8.05384e+18    78.5464    0
8.85922e+18    79.0967    0
9.74514e+18    79.6464    0
1.07197e+19    80.1956    0
1.17916e+19    80.7442    0
1.29708e+19    81.292    0
1.42679e+19    81.839    0
1.56947e+19    82.3852    0
1.72641e+19    82.9305    0
1.89905e+19    83.4748    0
2.08896e+19    84.018    0
2.29785e+19    84.5601    0
2.52764e+19    85.101    0
2.7804e+19    85.6407    0
3.05844e+19    86.179    0
3.36429e+19    86.716    0
3.70072e+19    87.2515    0
4.07079e+19    87.7855    0
4.47787e+19    88.3179    0
4.92565e+19    88.8486    0
5.41822e+19    89.3776    0
5.96004e+19    89.9049    0
6.55605e+19    90.4302    0
7.21165e+19    90.9536    0
7.93281e+19    91.475    0
8.7261e+19    91.9943    0
9.59871e+19    92.5115    0
