1e+11    31.4455    6.93457
1.1e+11    31.5124    6.89947
1.21e+11    31.587    6.87128
1.331e+11    31.6656    6.84994
1.4641e+11    31.7386    6.84458
1.61051e+11    31.818    6.84289
1.77156e+11    31.904    6.8445
1.94872e+11    31.9964    6.84929
2.14359e+11    32.0949    6.85713
2.35795e+11    32.1994    6.86792
2.59374e+11    32.3098    6.88155
2.85312e+11    32.4259    6.89791
3.13843e+11    32.5476    6.91693
3.45227e+11    32.6746    6.93849
3.7975e+11    32.8069    6.96253
4.17725e+11    32.9444    6.98897
4.59497e+11    33.0868    7.01772
5.05447e+11    33.2341    7.04871
5.55992e+11    33.3862    7.08188
6.11591e+11    33.5429    7.11717
6.7275e+11    33.7042    7.15452
7.40025e+11    33.8698    7.19386
8.14027e+11    34.0398    7.23514
8.9543e+11    34.214    7.27832
9.84973e+11    34.3924    7.32335
1.08347e+12    34.5748    7.37017
1.19182e+12    34.7611    7.41875
1.311e+12    34.9513    7.46905
1.4421e+12    35.1453    7.52103
1.58631e+12    35.343    7.57465
1.74494e+12    35.5444    7.62987
1.91943e+12    35.7494    7.68667
2.11138e+12    35.9578    7.74502
2.32252e+12    36.1698    7.80488
2.55477e+12    36.3851    7.86623
2.81024e+12    36.6038    7.92905
3.09127e+12    36.8258    7.9933
3.40039e+12    37.0511    8.05897
3.74043e+12    37.2795    8.12603
4.11448e+12    37.5111    8.19447
4.52593e+12    37.7458    8.26427
4.97852e+12    37.9836    8.3354
5.47637e+12    38.2245    8.40785
6.02401e+12    38.4683    8.4816
6.62641e+12    38.7152    8.55665
7.28905e+12    38.9649    8.63297
8.01795e+12    39.2176    8.71055
8.81975e+12    39.4732    8.78939
9.70172e+12    39.7317    8.86947
1.06719e+13    39.993    8.95077
1.17391e+13    40.2571    9.0333
1.2913e+13    40.5241    9.11703
1.42043e+13    40.7938    9.20197
1.56247e+13    41.0664    9.2881
1.71872e+13    41.3416    9.37542
1.89059e+13    41.6197    9.46393
2.07965e+13    41.9004    9.55361
2.28762e+13    42.1839    9.64446
2.51638e+13    42.4701    9.73647
2.76801e+13    42.759    9.82965
3.04482e+13    43.0507    9.92398
3.3493e+13    43.345    10.0195
3.68423e+13    43.642    10.1161
4.05265e+13    43.9417    10.2139
4.45792e+13    44.2441    10.3129
4.90371e+13    44.5492    10.4129
5.39408e+13    44.8569    10.5142
5.93349e+13    45.1674    10.6166
6.52683e+13    45.4805    10.7201
7.17952e+13    45.7964    10.8248
7.89747e+13    46.1149    10.9306
8.68722e+13    46.4361    11.0375
9.55594e+13    46.7601    11.1457
1.05115e+14    47.0867    11.2549
1.15627e+14    47.4161    11.3653
1.2719e+14    47.7482    11.4769
1.39908e+14    48.083    11.5896
1.53899e+14    48.4205    11.7035
1.69289e+14    48.7608    11.8185
1.86218e+14    49.1039    11.9347
2.0484e+14    49.4497    12.0521
2.25324e+14    49.7983    12.1706
2.47856e+14    50.1496    12.2904
2.72642e+14    50.5038    12.4112
2.99906e+14    50.8608    12.5333
3.29897e+14    51.2206    12.6566
3.62887e+14    51.5833    12.781
3.99175e+14    51.9488    12.9067
4.39093e+14    52.3172    13.0336
4.83002e+14    52.6884    13.1616
5.31302e+14    53.0626    13.2909
5.84432e+14    53.4397    13.4214
6.42876e+14    53.8196    13.5531
7.07163e+14    54.2026    13.6861
7.7788e+14    54.5885    13.8202
8.55668e+14    54.9774    13.9557
9.41234e+14    55.3692    14.0924
1.03536e+15    55.7641    14.2303
1.13889e+15    56.162    14.3695
1.25278e+15    56.563    14.51
1.37806e+15    56.967    14.6517
1.51587e+15    57.3741    14.7947
1.66745e+15    57.7844    14.9391
1.8342e+15    58.1977    15.0847
2.01762e+15    58.6143    15.2316
2.21938e+15    59.0339    15.3799
2.44132e+15    59.4568    15.5294
2.68545e+15    59.8829    15.6803
2.954e+15    60.3122    15.8326
3.2494e+15    60.7448    15.9862
3.57434e+15    61.1807    16.1411
3.93177e+15    61.6198    16.2974
4.32495e+15    62.0623    16.4551
4.75744e+15    62.5082    16.6142
5.23319e+15    62.9574    16.7747
5.7565e+15    63.41    16.9365
6.33215e+15    63.866    17.0998
6.96537e+15    64.3255    17.2645
7.66191e+15    64.7884    17.4306
8.4281e+15    65.2548    17.5982
9.27091e+15    65.7248    17.7672
1.0198e+16    66.1983    17.9377
1.12178e+16    66.6754    18.1096
1.23396e+16    67.156    18.2831
1.35735e+16    67.6403    18.458
1.49309e+16    68.1283    18.6344
1.6424e+16    68.6199    18.8123
1.80664e+16    69.1152    18.9918
1.9873e+16    69.6143    19.1728
2.18603e+16    70.1171    19.3553
2.40463e+16    70.6237    19.5394
2.6451e+16    71.1342    19.725
2.90961e+16    71.6484    19.9122
3.20057e+16    72.1666    20.101
3.52063e+16    72.6886    20.2914
3.87269e+16    73.2146    20.4834
4.25996e+16    73.7446    20.677
4.68595e+16    74.2785    20.8723
5.15455e+16    74.8165    21.0692
5.67e+16    75.3585    21.2678
6.237e+16    75.9046    21.468
6.8607e+16    76.4549    21.6699
7.54677e+16    77.0093    21.8735
8.30145e+16    77.5678    22.0788
9.1316e+16    78.1306    22.2859
1.00448e+17    78.6976    22.4946
1.10492e+17    79.2689    22.7051
1.21542e+17    79.8445    22.9174
1.33696e+17    80.4244    23.1314
1.47065e+17    81.0088    23.3472
1.61772e+17    81.5975    23.5648
1.77949e+17    82.1907    23.7842
1.95744e+17    82.7883    24.0054
2.15318e+17    83.3905    24.2285
2.3685e+17    83.9972    24.4534
2.60535e+17    84.6085    24.6802
2.86589e+17    85.2244    24.9088
3.15247e+17    85.845    25.1394
3.46772e+17    86.4702    25.3718
3.81449e+17    87.1002    25.6062
4.19594e+17    87.7349    25.8425
4.61554e+17    88.3745    26.0807
5.07709e+17    89.0189    26.3209
5.5848e+17    89.6681    26.5631
6.14328e+17    90.3223    26.8072
6.75761e+17    90.9814    27.0534
7.43337e+17    91.6455    27.3016
8.17671e+17    92.3146    27.5518
8.99438e+17    92.9888    27.8041
9.89382e+17    93.6681    28.0584
1.08832e+18    94.3526    28.3148
1.19715e+18    95.0422    28.5733
1.31687e+18    95.7371    28.8339
1.44855e+18    96.4372    29.0967
1.59341e+18    97.1426    29.3616
1.75275e+18    97.8534    29.6286
1.92802e+18    98.5696    29.8979
2.12083e+18    99.2912    30.1693
2.33291e+18    100.018    30.4429
2.5662e+18    100.751    30.7188
2.82282e+18    101.489    30.9969
3.1051e+18    102.233    31.2772
3.41561e+18    102.982    31.5599
3.75717e+18    103.737    31.8448
4.13289e+18    104.498    32.132
4.54618e+18    105.265    32.4216
5.0008e+18    106.037    32.7135
5.50088e+18    106.815    33.0078
6.05097e+18    107.6    33.3044
6.65606e+18    108.39    33.6035
7.32167e+18    109.186    33.9049
8.05384e+18    109.988    34.2088
8.85922e+18    110.797    34.5152
9.74514e+18    111.611    34.824
1.07197e+19    112.432    35.1353
1.17916e+19    113.259    35.4491
1.29708e+19    114.092    35.7655
1.42679e+19    114.931    36.0844
1.56947e+19    115.777    36.4058
1.72641e+19    116.63    36.7299
1.89905e+19    117.489    37.0565
2.08896e+19    118.354    37.3858
2.29785e+19    119.226    37.7177
2.52764e+19    120.105    38.0523
2.7804e+19    120.99    38.3896
3.05844e+19    121.882    38.7296
3.36429e+19    122.781    39.0723
3.70072e+19    123.687    39.4177
4.07079e+19    124.6    39.7659
4.47787e+19    125.519    40.1169
4.92565e+19    126.446    40.4707
5.41822e+19    127.38    40.8274
5.96004e+19    128.321    41.1869
6.55605e+19    129.269    41.5492
7.21165e+19    130.224    41.9145
7.93281e+19    131.186    42.2826
8.7261e+19    132.156    42.6537
9.59871e+19    133.134    43.0278
