1e+11    20.2596    3.12539
1.1e+11    20.3518    3.08816
1.21e+11    20.4468    3.05099
1.331e+11    20.5092    3.05198
1.4641e+11    20.5758    3.05428
1.61051e+11    20.6464    3.05786
1.77156e+11    20.7209    3.06266
1.94872e+11    20.7992    3.06864
2.14359e+11    20.8813    3.07575
2.35795e+11    20.9669    3.08396
2.59374e+11    21.0561    3.09322
2.85312e+11    21.1487    3.10351
3.13843e+11    21.2446    3.11478
3.45227e+11    21.3438    3.127
3.7975e+11    21.4462    3.14015
4.17725e+11    21.5517    3.15419
4.59497e+11    21.6602    3.1691
5.05447e+11    21.7716    3.18486
5.55992e+11    21.886    3.20143
6.11591e+11    22.0032    3.21879
6.7275e+11    22.1232    3.23693
7.40025e+11    22.2459    3.25582
8.14027e+11    22.3713    3.27544
8.9543e+11    22.4993    3.29578
9.84973e+11    22.6298    3.31682
1.08347e+12    22.7628    3.33853
1.19182e+12    22.8984    3.36091
1.311e+12    23.0363    3.38394
1.4421e+12    23.1766    3.40761
1.58631e+12    23.3193    3.4319
1.74494e+12    23.4643    3.4568
1.91943e+12    23.6115    3.4823
2.11138e+12    23.761    3.50838
2.32252e+12    23.9127    3.53505
2.55477e+12    24.0666    3.56228
2.81024e+12    24.2226    3.59007
3.09127e+12    24.3808    3.6184
3.40039e+12    24.5411    3.64728
3.74043e+12    24.7034    3.67669
4.11448e+12    24.8679    3.70662
4.52593e+12    25.0343    3.73708
4.97852e+12    25.2028    3.76804
5.47637e+12    25.3733    3.79951
6.02401e+12    25.5458    3.83148
6.62641e+12    25.7203    3.86395
7.28905e+12    25.8967    3.8969
8.01795e+12    26.0751    3.93034
8.81975e+12    26.2554    3.96426
9.70172e+12    26.4376    3.99865
1.06719e+13    26.6218    4.03352
1.17391e+13    26.8079    4.06886
1.2913e+13    26.9958    4.10466
1.42043e+13    27.1857    4.14092
1.56247e+13    27.3775    4.17765
1.71872e+13    27.5711    4.21483
1.89059e+13    27.7667    4.25247
2.07965e+13    27.9641    4.29056
2.28762e+13    28.1634    4.3291
2.51638e+13    28.3646    4.36809
2.76801e+13    28.5676    4.40753
3.04482e+13    28.7725    4.44742
3.3493e+13    28.9793    4.48775
3.68423e+13    29.188    4.52853
4.05265e+13    29.3985    4.56976
4.45792e+13    29.6109    4.61142
4.90371e+13    29.8252    4.65353
5.39408e+13    30.0414    4.69609
5.93349e+13    30.2595    4.73908
6.52683e+13    30.4795    4.78252
7.17952e+13    30.7013    4.8264
7.89747e+13    30.9251    4.87073
8.68722e+13    31.1507    4.9155
9.55594e+13    31.3783    4.96072
1.05115e+14    31.6078    5.00638
1.15627e+14    31.8392    5.05248
1.2719e+14    32.0726    5.09903
1.39908e+14    32.3079    5.14603
1.53899e+14    32.5451    5.19348
1.69289e+14    32.7843    5.24138
1.86218e+14    33.0255    5.28973
2.0484e+14    33.2686    5.33854
2.25324e+14    33.5137    5.3878
2.47856e+14    33.7608    5.43751
2.72642e+14    34.0099    5.48768
2.99906e+14    34.2611    5.53831
3.29897e+14    34.5142    5.5894
3.62887e+14    34.7694    5.64096
3.99175e+14    35.0266    5.69298
4.39093e+14    35.2859    5.74546
4.83002e+14    35.5473    5.79842
5.31302e+14    35.8107    5.85185
5.84432e+14    36.0762    5.90575
6.42876e+14    36.3438    5.96012
7.07163e+14    36.6136    6.01498
7.7788e+14    36.8855    6.07031
8.55668e+14    37.1595    6.12613
9.41234e+14    37.4357    6.18244
1.03536e+15    37.7141    6.23923
1.13889e+15    37.9946    6.29652
1.25278e+15    38.2773    6.3543
1.37806e+15    38.5623    6.41257
1.51587e+15    38.8495    6.47135
1.66745e+15    39.1389    6.53062
1.8342e+15    39.4306    6.59041
2.01762e+15    39.7246    6.6507
2.21938e+15    40.0208    6.71151
2.44132e+15    40.3194    6.77283
2.68545e+15    40.6203    6.83467
2.954e+15    40.9235    6.89703
3.2494e+15    41.2291    6.95991
3.57434e+15    41.5371    7.02332
3.93177e+15    41.8474    7.08727
4.32495e+15    42.1602    7.15175
4.75744e+15    42.4753    7.21677
5.23319e+15    42.7929    7.28233
5.7565e+15    43.113    7.34844
6.33215e+15    43.4356    7.41509
6.96537e+15    43.7606    7.4823
7.66191e+15    44.0882    7.55007
8.4281e+15    44.4182    7.6184
9.27091e+15    44.7509    7.68729
1.0198e+16    45.0861    7.75675
1.12178e+16    45.4239    7.82679
1.23396e+16    45.7642    7.8974
1.35735e+16    46.1073    7.96859
1.49309e+16    46.4529    8.04036
1.6424e+16    46.8012    8.11273
1.80664e+16    47.1523    8.18568
1.9873e+16    47.506    8.25924
2.18603e+16    47.8624    8.33339
2.40463e+16    48.2216    8.40815
2.6451e+16    48.5835    8.48352
2.90961e+16    48.9483    8.55951
3.20057e+16    49.3158    8.63611
3.52063e+16    49.6862    8.71334
3.87269e+16    50.0594    8.79119
4.25996e+16    50.4355    8.86968
4.68595e+16    50.8145    8.9488
5.15455e+16    51.1964    9.02857
5.67e+16    51.5812    9.10898
6.237e+16    51.969    9.19004
6.8607e+16    52.3598    9.27176
7.54677e+16    52.7536    9.35414
8.30145e+16    53.1504    9.43718
9.1316e+16    53.5503    9.52089
1.00448e+17    53.9532    9.60528
1.10492e+17    54.3593    9.69035
1.21542e+17    54.7684    9.7761
1.33696e+17    55.1808    9.86255
1.47065e+17    55.5962    9.94968
1.61772e+17    56.0149    10.0375
1.77949e+17    56.4368    10.1261
1.95744e+17    56.8619    10.2153
2.15318e+17    57.2903    10.3053
2.3685e+17    57.722    10.396
2.60535e+17    58.1571    10.4874
2.86589e+17    58.5954    10.5796
3.15247e+17    59.0372    10.6724
3.46772e+17    59.4823    10.7661
3.81449e+17    59.9308    10.8605
4.19594e+17    60.3828    10.9556
4.61554e+17    60.8383    11.0515
5.07709e+17    61.2973    11.1482
5.5848e+17    61.7598    11.2456
6.14328e+17    62.2259    11.3438
6.75761e+17    62.6955    11.4428
7.43337e+17    63.1688    11.5426
8.17671e+17    63.6457    11.6432
8.99438e+17    64.1262    11.7445
9.89382e+17    64.6105    11.8467
1.08832e+18    65.0985    11.9497
1.19715e+18    65.5902    12.0535
1.31687e+18    66.0858    12.1582
1.44855e+18    66.5851    12.2637
1.59341e+18    67.0883    12.37
1.75275e+18    67.5953    12.4771
1.92802e+18    68.1063    12.5851
2.12083e+18    68.6211    12.694
2.33291e+18    69.14    12.8037
2.5662e+18    69.6628    12.9143
2.82282e+18    70.1897    13.0258
3.1051e+18    70.7206    13.1382
3.41561e+18    71.2556    13.2514
3.75717e+18    71.7947    13.3656
4.13289e+18    72.3379    13.4806
4.54618e+18    72.8854    13.5966
5.0008e+18    73.437    13.7135
5.50088e+18    73.9929    13.8313
6.05097e+18    74.5531    13.95
6.65606e+18    75.1176    14.0697
7.32167e+18    75.6864    14.1903
8.05384e+18    76.2596    14.3119
8.85922e+18    76.8372    14.4344
9.74514e+18    77.4193    14.5579
1.07197e+19    78.0059    14.6824
1.17916e+19    78.5969    14.8078
1.29708e+19    79.1926    14.9343
1.42679e+19    79.7928    15.0617
1.56947e+19    80.3976    15.1901
1.72641e+19    81.0071    15.3196
1.89905e+19    81.6213    15.4501
2.08896e+19    82.2402    15.5816
2.29785e+19    82.8639    15.7141
2.52764e+19    83.4923    15.8477
2.7804e+19    84.1257    15.9823
3.05844e+19    84.7639    16.118
3.36429e+19    85.407    16.2548
3.70072e+19    86.055    16.3926
4.07079e+19    86.7081    16.5316
4.47787e+19    87.3662    16.6716
4.92565e+19    88.0293    16.8127
5.41822e+19    88.6976    16.9549
5.96004e+19    89.3711    17.0983
6.55605e+19    90.0497    17.2427
7.21165e+19    90.7335    17.3883
7.93281e+19    91.4225    17.5351
8.7261e+19    92.117    17.683
9.59871e+19    92.8167    17.832
