1e+11    20.346    2.97815
1.1e+11    20.4189    2.95929
1.21e+11    20.4918    2.94042
1.331e+11    20.5648    2.92155
1.4641e+11    20.653    2.91105
1.61051e+11    20.7416    2.90073
1.77156e+11    20.8302    2.89042
1.94872e+11    20.9189    2.8801
2.14359e+11    21.0094    2.87016
2.35795e+11    21.1119    2.86277
2.59374e+11    21.2145    2.85538
2.85312e+11    21.317    2.84798
3.13843e+11    21.4196    2.84058
3.45227e+11    21.5202    2.84112
3.7975e+11    21.6157    2.8609
4.17725e+11    21.7113    2.88069
4.59497e+11    21.8069    2.90048
5.05447e+11    21.9025    2.92028
5.55992e+11    22.0038    2.94244
6.11591e+11    22.1119    2.96743
6.7275e+11    22.22    2.99244
7.40025e+11    22.3281    3.01744
8.14027e+11    22.4362    3.04244
8.9543e+11    22.5515    3.07
9.84973e+11    22.6713    3.09913
1.08347e+12    22.791    3.12826
1.19182e+12    22.9107    3.15739
1.311e+12    23.0305    3.18652
1.4421e+12    23.1584    3.21871
1.58631e+12    23.2885    3.25172
1.74494e+12    23.4186    3.28474
1.91943e+12    23.5488    3.31776
2.11138e+12    23.6789    3.35078
2.32252e+12    23.8181    3.38736
2.55477e+12    23.9576    3.42413
2.81024e+12    24.0972    3.4609
3.09127e+12    24.2368    3.49767
3.40039e+12    24.3774    3.53488
3.74043e+12    24.5256    3.57534
4.11448e+12    24.6739    3.6158
4.52593e+12    24.8221    3.65626
4.97852e+12    24.9703    3.69672
5.47637e+12    25.1331    3.74103
6.02401e+12    25.332    3.79487
6.62641e+12    25.5309    3.84872
7.28905e+12    25.7298    3.90256
8.01795e+12    25.9287    3.9564
8.81975e+12    26.14    4.01481
9.70172e+12    26.3662    4.07869
1.06719e+13    26.5923    4.14256
1.17391e+13    26.8184    4.20644
1.2913e+13    27.0446    4.27031
1.42043e+13    27.2901    4.34202
1.56247e+13    27.5473    4.41848
1.71872e+13    27.8045    4.49493
1.89059e+13    28.0618    4.57138
2.07965e+13    28.319    4.64783
2.28762e+13    28.6042    4.7366
2.51638e+13    28.8967    4.82863
2.76801e+13    29.1893    4.92066
3.04482e+13    29.4819    5.01268
3.3493e+13    29.7744    5.10471
3.68423e+13    30.1053    5.21499
4.05265e+13    30.4377    5.32604
4.45792e+13    30.7701    5.43709
4.90371e+13    31.1026    5.54814
5.39408e+13    31.4407    5.6621
5.93349e+13    31.8175    5.79593
6.52683e+13    32.1944    5.92977
7.17952e+13    32.5712    6.0636
7.89747e+13    32.9481    6.19744
8.68722e+13    33.3394    6.33921
9.55594e+13    33.7652    6.49989
1.05115e+14    34.191    6.66058
1.15627e+14    34.6168    6.82126
1.2719e+14    35.0426    6.98194
1.39908e+14    35.4932    7.15707
1.53899e+14    35.9724    7.34889
1.69289e+14    36.4516    7.54071
1.86218e+14    36.9308    7.73252
2.0484e+14    37.41    7.92434
2.25324e+14    37.9256    8.13865
2.47856e+14    38.4624    8.36603
2.72642e+14    38.9993    8.59342
2.99906e+14    39.5361    8.8208
3.29897e+14    40.0729    9.04819
3.62887e+14    40.6591    9.30767
3.99175e+14    41.2576    9.57515
4.39093e+14    41.8561    9.84263
4.83002e+14    42.4546    10.1101
5.31302e+14    43.053    10.3776
5.84432e+14    43.5123    10.6028
6.42876e+14    43.967    10.8267
7.07163e+14    44.4218    11.0505
7.7788e+14    44.8765    11.2744
8.55668e+14    45.3339    11.5009
9.41234e+14    45.808    11.7445
1.03536e+15    46.2822    11.9881
1.13889e+15    46.7563    12.2317
1.25278e+15    47.2304    12.4753
1.37806e+15    47.7103    12.7251
1.51587e+15    48.2032    12.9889
1.66745e+15    48.6961    13.2527
1.8342e+15    49.189    13.5165
2.01762e+15    49.682    13.7803
2.21938e+15    50.1834    14.0538
2.44132e+15    50.6944    14.3381
2.68545e+15    51.2055    14.6224
2.954e+15    51.7165    14.9067
3.2494e+15    52.2275    15.191
3.57434e+15    52.7496    15.4884
3.93177e+15    53.2779    15.7932
4.32495e+15    53.8062    16.098
4.75744e+15    54.3345    16.4028
5.23319e+15    54.8628    16.7077
5.7565e+15    55.4049    17.0292
6.33215e+15    55.9503    17.3547
6.96537e+15    56.4956    17.6802
7.66191e+15    57.041    18.0057
8.4281e+15    57.5863    18.3312
9.27091e+15    58.147    18.6761
1.0198e+16    58.7081    19.0215
1.12178e+16    59.2692    19.3668
1.23396e+16    59.8303    19.7122
1.35735e+16    60.3936    20.0604
1.49309e+16    60.9702    20.4254
1.6424e+16    61.5468    20.7904
1.80664e+16    62.1234    21.1553
1.9873e+16    62.7    21.5203
2.18603e+16    63.2812    21.8911
2.40463e+16    63.8726    22.2748
2.6451e+16    64.4639    22.6585
2.90961e+16    65.0553    23.0423
3.20057e+16    65.6466    23.426
3.52063e+16    66.2448    23.8183
3.87269e+16    66.8504    24.2199
4.25996e+16    67.456    24.6215
4.68595e+16    68.0615    25.0231
5.15455e+16    68.6671    25.4246
5.67e+16    69.2817    25.8374
6.237e+16    69.9013    26.2562
6.8607e+16    70.5208    26.675
7.54677e+16    71.1403    27.0939
8.30145e+16    71.7599    27.5127
9.1316e+16    72.3902    27.9447
1.00448e+17    73.023    28.3797
1.10492e+17    73.6558    28.8147
1.21542e+17    74.2886    29.2497
1.33696e+17    74.9213    29.6847
1.47065e+17    75.567    30.1351
1.61772e+17    76.2128    30.5857
1.77949e+17    76.8586    31.0363
1.95744e+17    77.5044    31.4869
2.15318e+17    78.1522    31.9399
2.3685e+17    78.8105    32.4054
2.60535e+17    79.4689    32.8709
2.86589e+17    80.1272    33.3364
3.15247e+17    80.7856    33.802
3.46772e+17    81.448    34.2722
3.81449e+17    82.1187    34.7522
4.19594e+17    82.7895    35.2323
4.61554e+17    83.4602    35.7123
5.07709e+17    84.1309    36.1923
5.5848e+17    84.8076    36.6793
6.14328e+17    85.4904    37.1734
6.75761e+17    86.1732    37.6675
7.43337e+17    86.856    38.1616
8.17671e+17    87.5388    38.6557
8.99438e+17    88.2293    39.1588
9.89382e+17    88.9238    39.6665
1.08832e+18    89.6184    40.1743
1.19715e+18    90.3129    40.682
1.31687e+18    91.0075    41.1898
1.44855e+18    91.7115    41.7085
1.59341e+18    92.4176    42.2295
1.75275e+18    93.1236    42.7505
1.92802e+18    93.8296    43.2716
2.12083e+18    94.5356    43.7926
2.33291e+18    95.253    44.3265
2.5662e+18    95.9703    44.8605
2.82282e+18    96.6877    45.3945
3.1051e+18    97.4051    45.9285
3.41561e+18    98.1243    46.4646
3.75717e+18    98.8526    47.0111
4.13289e+18    99.5809    47.5575
4.54618e+18    100.309    48.104
5.0008e+18    101.038    48.6505
5.50088e+18    101.77    49.201
6.05097e+18    102.509    49.7595
6.65606e+18    103.248    50.318
7.32167e+18    103.987    50.8765
8.05384e+18    104.726    51.435
8.85922e+18    105.47    51.9996
9.74514e+18    106.22    52.5703
1.07197e+19    106.971    53.1411
1.17916e+19    107.721    53.7118
1.29708e+19    108.471    54.2825
1.42679e+19    109.228    54.8607
1.56947e+19    109.988    55.4426
1.72641e+19    110.749    56.0244
1.89905e+19    111.509    56.6063
2.08896e+19    112.269    57.1882
2.29785e+19    113.038    57.7794
2.52764e+19    113.809    58.3724
2.7804e+19    114.58    58.9654
3.05844e+19    115.35    59.5584
3.36429e+19    116.121    60.1514
3.70072e+19    116.902    60.7555
4.07079e+19    117.683    61.3596
4.47787e+19    118.464    61.9637
4.92565e+19    119.245    62.5677
5.41822e+19    120.028    63.1736
5.96004e+19    120.819    63.7879
6.55605e+19    121.61    64.4023
7.21165e+19    122.401    65.0166
7.93281e+19    123.191    65.6309
8.7261e+19    123.986    66.2488
9.59871e+19    124.787    66.8737
