1e+11    31.3059    7.02649
1.1e+11    31.3846    6.98238
1.21e+11    31.4634    6.93825
1.331e+11    31.5427    6.89441
1.4641e+11    31.6467    6.87323
1.61051e+11    31.7508    6.85204
1.77156e+11    31.855    6.83084
1.94872e+11    31.9592    6.80963
2.14359e+11    32.0673    6.79166
2.35795e+11    32.1966    6.79133
2.59374e+11    32.3259    6.79101
2.85312e+11    32.4553    6.79069
3.13843e+11    32.5847    6.79036
3.45227e+11    32.721    6.79568
3.7975e+11    32.873    6.81376
4.17725e+11    33.0251    6.83185
4.59497e+11    33.1772    6.84994
5.05447e+11    33.3293    6.86803
5.55992e+11    33.4901    6.89336
6.11591e+11    33.6607    6.92707
6.7275e+11    33.8314    6.96078
7.40025e+11    34.0022    6.99449
8.14027e+11    34.1729    7.02821
8.9543e+11    34.3519    7.0698
9.84973e+11    34.5359    7.11613
1.08347e+12    34.7198    7.16245
1.19182e+12    34.9038    7.20878
1.311e+12    35.0878    7.25511
1.4421e+12    35.2774    7.30897
1.58631e+12    35.4685    7.36485
1.74494e+12    35.6597    7.42073
1.91943e+12    35.8508    7.47662
2.11138e+12    36.0419    7.53251
2.32252e+12    36.2504    7.59846
2.55477e+12    36.4596    7.66489
2.81024e+12    36.6689    7.73132
3.09127e+12    36.8781    7.79776
3.40039e+12    37.089    7.86514
3.74043e+12    37.3119    7.93933
4.11448e+12    37.5348    8.01353
4.52593e+12    37.7577    8.08773
4.97852e+12    37.9806    8.16193
5.47637e+12    38.209    8.23591
6.02401e+12    38.451    8.30933
6.62641e+12    38.693    8.38274
7.28905e+12    38.935    8.45616
8.01795e+12    39.1771    8.52958
8.81975e+12    39.4245    8.60601
9.70172e+12    39.6785    8.68602
1.06719e+13    39.9325    8.76604
1.17391e+13    40.1865    8.84605
1.2913e+13    40.4405    8.92607
1.42043e+13    40.7026    9.01091
1.56247e+13    40.9698    9.09867
1.71872e+13    41.2369    9.18643
1.89059e+13    41.5041    9.2742
2.07965e+13    41.7712    9.36196
2.28762e+13    42.0502    9.45712
2.51638e+13    42.3322    9.55423
2.76801e+13    42.6143    9.65134
3.04482e+13    42.8963    9.74845
3.3493e+13    43.1784    9.84556
3.68423e+13    43.4768    9.95351
4.05265e+13    43.7759    10.0619
4.45792e+13    44.075    10.1703
4.90371e+13    44.3742    10.2788
5.39408e+13    44.6757    10.3889
5.93349e+13    44.9942    10.5108
6.52683e+13    45.3126    10.6327
7.17952e+13    45.631    10.7546
7.89747e+13    45.9494    10.8765
8.68722e+13    46.2743    11.0032
9.55594e+13    46.6147    11.1412
1.05115e+14    46.9551    11.2792
1.15627e+14    47.2955    11.4172
1.2719e+14    47.6359    11.5553
1.39908e+14    47.9877    11.702
1.53899e+14    48.3527    11.8588
1.69289e+14    48.7176    12.0156
1.86218e+14    49.0826    12.1724
2.0484e+14    49.4475    12.3292
2.25324e+14    49.8297    12.4998
2.47856e+14    50.222    12.6785
2.72642e+14    50.6142    12.8571
2.99906e+14    51.0065    13.0357
3.29897e+14    51.3988    13.2143
3.62887e+14    51.8148    13.4127
3.99175e+14    52.2368    13.6161
4.39093e+14    52.6588    13.8194
4.83002e+14    53.0808    14.0228
5.31302e+14    53.5028    14.2261
5.84432e+14    53.9136    14.4436
6.42876e+14    54.3241    14.6615
7.07163e+14    54.7346    14.8794
7.7788e+14    55.145    15.0973
8.55668e+14    55.5579    15.3178
9.41234e+14    55.9857    15.5544
1.03536e+15    56.4135    15.7909
1.13889e+15    56.8413    16.0275
1.25278e+15    57.269    16.264
1.37806e+15    57.7019    16.5064
1.51587e+15    58.1463    16.762
1.66745e+15    58.5907    17.0175
1.8342e+15    59.0351    17.2731
2.01762e+15    59.4795    17.5287
2.21938e+15    59.9315    17.7934
2.44132e+15    60.3919    18.0683
2.68545e+15    60.8524    18.3432
2.954e+15    61.3128    18.6181
3.2494e+15    61.7732    18.8931
3.57434e+15    62.244    19.1809
3.93177e+15    62.7205    19.4759
4.32495e+15    63.1971    19.7709
4.75744e+15    63.6736    20.066
5.23319e+15    64.1501    20.361
5.7565e+15    64.639    20.6721
6.33215e+15    65.1307    20.9871
6.96537e+15    65.6225    21.302
7.66191e+15    66.1142    21.617
8.4281e+15    66.606    21.9319
9.27091e+15    67.1117    22.266
1.0198e+16    67.6178    22.6004
1.12178e+16    68.1239    22.9349
1.23396e+16    68.63    23.2693
1.35735e+16    69.138    23.6066
1.49309e+16    69.6577    23.96
1.6424e+16    70.1773    24.3134
1.80664e+16    70.6969    24.6668
1.9873e+16    71.2166    25.0202
2.18603e+16    71.7404    25.3795
2.40463e+16    72.2734    25.7515
2.6451e+16    72.8064    26.1236
2.90961e+16    73.3394    26.4956
3.20057e+16    73.8724    26.8676
3.52063e+16    74.4115    27.2482
3.87269e+16    74.957    27.6378
4.25996e+16    75.5026    28.0274
4.68595e+16    76.0482    28.4171
5.15455e+16    76.5937    28.8067
5.67e+16    77.1475    29.2075
6.237e+16    77.7056    29.6142
6.8607e+16    78.2636    30.021
7.54677e+16    78.8217    30.4277
8.30145e+16    79.3798    30.8344
9.1316e+16    79.9475    31.2541
1.00448e+17    80.5173    31.6767
1.10492e+17    81.0871    32.0992
1.21542e+17    81.6569    32.5218
1.33696e+17    82.2267    32.9443
1.47065e+17    82.8077    33.3817
1.61772e+17    83.3888    33.8192
1.77949e+17    83.9699    34.2567
1.95744e+17    84.551    34.6942
2.15318e+17    85.1339    35.134
2.3685e+17    85.7264    35.586
2.60535e+17    86.3188    36.038
2.86589e+17    86.9113    36.49
3.15247e+17    87.5037    36.9419
3.46772e+17    88.0996    37.3983
3.81449e+17    88.7027    37.8637
4.19594e+17    89.3058    38.3292
4.61554e+17    89.9088    38.7946
5.07709e+17    90.5119    39.2601
5.5848e+17    91.1201    39.7319
6.14328e+17    91.7337    40.2104
6.75761e+17    92.3472    40.6888
7.43337e+17    92.9608    41.1673
8.17671e+17    93.5743    41.6458
8.99438e+17    94.1944    42.1323
9.89382e+17    94.8177    42.623
1.08832e+18    95.4411    43.1136
1.19715e+18    96.0644    43.6043
1.31687e+18    96.6878    44.0949
1.44855e+18    97.3191    44.5953
1.59341e+18    97.952    45.0977
1.75275e+18    98.5849    45.6001
1.92802e+18    99.2178    46.1026
2.12083e+18    99.8507    46.605
2.33291e+18    100.493    47.1192
2.5662e+18    101.136    47.6334
2.82282e+18    101.779    48.1476
3.1051e+18    102.421    48.6618
3.41561e+18    103.066    49.1779
3.75717e+18    103.717    49.7032
4.13289e+18    104.369    50.2285
4.54618e+18    105.021    50.7539
5.0008e+18    105.673    51.2792
5.50088e+18    106.328    51.8081
6.05097e+18    106.989    52.3443
6.65606e+18    107.65    52.8804
7.32167e+18    108.311    53.4165
8.05384e+18    108.972    53.9526
8.85922e+18    109.638    54.4942
9.74514e+18    110.308    55.0412
1.07197e+19    110.978    55.5882
1.17916e+19    111.649    56.1352
1.29708e+19    112.319    56.6822
1.42679e+19    112.995    57.2355
1.56947e+19    113.673    57.7919
1.72641e+19    114.352    58.3483
1.89905e+19    115.03    58.9047
2.08896e+19    115.709    59.4611
2.29785e+19    116.395    60.0257
2.52764e+19    117.082    60.5919
2.7804e+19    117.769    61.1581
3.05844e+19    118.457    61.7243
3.36429e+19    119.144    62.2906
3.70072e+19    119.839    62.8656
4.07079e+19    120.534    63.4405
4.47787e+19    121.229    64.0155
4.92565e+19    121.924    64.5905
5.41822e+19    122.621    65.167
5.96004e+19    123.325    65.751
6.55605e+19    124.028    66.3349
7.21165e+19    124.731    66.9188
7.93281e+19    125.435    67.5026
8.7261e+19    126.141    68.0895
9.59871e+19    126.853    68.682
