1e+11    219.616    1835.48
1.1e+11    220.077    1835.48
1.21e+11    220.593    1835.48
1.331e+11    221.359    1835.48
1.4641e+11    222.13    1835.48
1.61051e+11    222.906    1835.48
1.77156e+11    223.689    1835.48
1.94872e+11    224.476    1835.48
2.14359e+11    225.27    1835.48
2.35795e+11    226.07    1835.48
2.59374e+11    226.875    1835.48
2.85312e+11    227.686    1835.48
3.13843e+11    228.502    1835.48
3.45227e+11    229.325    1835.48
3.7975e+11    230.154    1835.48
4.17725e+11    230.988    1835.48
4.59497e+11    231.829    1835.48
5.05447e+11    232.675    1835.48
5.55992e+11    233.528    1835.48
6.11591e+11    234.386    1835.48
6.7275e+11    235.251    1835.48
7.40025e+11    236.121    1835.48
8.14027e+11    236.998    1835.48
8.9543e+11    237.881    1835.48
9.84973e+11    238.771    1835.48
1.08347e+12    239.667    1835.48
1.19182e+12    240.569    1835.48
1.311e+12    241.477    1835.48
1.4421e+12    242.392    1835.48
1.58631e+12    243.313    1835.48
1.74494e+12    244.241    1835.48
1.91943e+12    245.176    1835.48
2.11138e+12    246.117    1835.48
2.32252e+12    247.065    1835.48
2.55477e+12    248.019    1835.48
2.81024e+12    248.98    1835.48
3.09127e+12    249.948    1835.48
3.40039e+12    250.923    1835.48
3.74043e+12    251.905    1835.48
4.11448e+12    252.894    1835.48
4.52593e+12    253.89    1835.48
4.97852e+12    254.892    1835.48
5.47637e+12    255.902    1835.48
6.02401e+12    256.919    1835.48
6.62641e+12    257.944    1835.48
7.28905e+12    258.975    1835.48
8.01795e+12    260.014    1835.48
8.81975e+12    261.06    1835.48
9.70172e+12    262.114    1835.48
1.06719e+13    263.175    1835.48
1.17391e+13    264.244    1835.48
1.2913e+13    265.205    1835.48
1.42043e+13    266.146    1835.48
1.56247e+13    267.1    1835.48
1.71872e+13    268.067    1835.48
1.89059e+13    269.047    1835.48
2.07965e+13    270.041    1835.48
2.28762e+13    271.047    1835.48
2.51638e+13    272.068    1835.48
2.76801e+13    273.102    1835.48
3.04482e+13    274.149    1835.48
3.3493e+13    275.21    1835.48
3.68423e+13    276.285    1835.48
4.05265e+13    277.375    1835.48
4.45792e+13    278.478    1835.48
4.90371e+13    279.596    1835.48
5.39408e+13    280.729    1835.48
5.93349e+13    281.876    1835.48
6.52683e+13    283.037    1835.48
7.17952e+13    284.214    1835.48
7.89747e+13    285.406    1835.48
8.68722e+13    286.613    1835.48
9.55594e+13    287.835    1835.48
1.05115e+14    289.073    1835.48
1.15627e+14    290.327    1835.48
1.2719e+14    291.596    1835.48
1.39908e+14    292.881    1835.48
1.53899e+14    294.183    1835.48
1.69289e+14    295.501    1835.48
1.86218e+14    296.835    1835.48
2.0484e+14    298.186    1835.48
2.25324e+14    299.554    1835.48
2.47856e+14    300.938    1835.48
2.72642e+14    302.341    1835.48
2.99906e+14    303.76    1835.48
3.29897e+14    305.196    1835.48
3.62887e+14    306.651    1835.48
3.99175e+14    308.124    1835.48
4.39093e+14    309.614    1835.48
4.83002e+14    311.123    1835.48
5.31302e+14    312.65    1835.48
5.84432e+14    314.196    1835.48
6.42876e+14    315.761    1835.48
7.07163e+14    317.345    1835.48
7.7788e+14    318.949    1835.48
8.55668e+14    320.572    1835.48
9.41234e+14    322.214    1835.48
1.03536e+15    323.877    1835.48
1.13889e+15    325.56    1835.48
1.25278e+15    327.514    1835.48
1.37806e+15    329.764    1835.48
1.51587e+15    332.019    1835.48
1.66745e+15    334.278    1835.48
1.8342e+15    336.541    1835.48
2.01762e+15    338.808    1835.48
2.21938e+15    341.079    1835.48
2.44132e+15    343.354    1835.48
2.68545e+15    345.633    1835.48
2.954e+15    347.915    1835.48
3.2494e+15    350.201    1835.48
3.57434e+15    352.49    1835.48
3.93177e+15    354.783    1835.48
4.32495e+15    357.078    1835.48
4.75744e+15    359.377    1835.48
5.23319e+15    361.678    1835.48
5.7565e+15    363.983    1835.48
6.33215e+15    366.289    1835.48
6.96537e+15    368.599    1835.48
7.66191e+15    370.91    1835.48
8.4281e+15    373.224    1835.48
9.27091e+15    375.54    1835.48
1.0198e+16    377.857    1835.48
1.12178e+16    380.176    1835.48
1.23396e+16    382.497    1835.48
1.35735e+16    384.82    1835.48
1.49309e+16    387.143    1835.48
1.6424e+16    389.468    1835.48
1.80664e+16    391.794    1835.48
1.9873e+16    394.121    1835.48
2.18603e+16    396.448    1835.48
2.40463e+16    398.776    1835.48
2.6451e+16    401.104    1835.48
2.90961e+16    403.433    1835.48
3.20057e+16    405.762    1835.48
3.52063e+16    408.09    1835.48
3.87269e+16    410.419    1835.48
4.25996e+16    412.747    1835.48
4.68595e+16    415.075    1835.48
5.15455e+16    417.402    1835.48
5.67e+16    419.728    1835.48
6.237e+16    422.053    1835.48
6.8607e+16    424.377    1835.48
7.54677e+16    426.7    1835.48
8.30145e+16    429.021    1835.48
9.1316e+16    431.341    1835.48
1.00448e+17    433.659    1835.48
1.10492e+17    435.975    1835.48
1.21542e+17    438.269    1835.48
1.33696e+17    440.448    1835.48
1.47065e+17    442.63    1835.48
1.61772e+17    444.814    1835.48
1.77949e+17    446.998    1835.48
1.95744e+17    449.185    1835.48
2.15318e+17    451.374    1835.48
2.3685e+17    453.563    1835.48
2.60535e+17    455.755    1835.48
2.86589e+17    457.947    1835.48
3.15247e+17    460.141    1835.48
3.46772e+17    462.335    1835.48
3.81449e+17    464.531    1835.48
4.19594e+17    466.728    1835.48
4.61554e+17    468.924    1835.48
5.07709e+17    471.123    1835.48
5.5848e+17    473.322    1835.48
6.14328e+17    475.521    1835.48
6.75761e+17    477.721    1835.48
7.43337e+17    479.922    1835.48
8.17671e+17    482.122    1835.48
8.99438e+17    484.323    1835.48
9.89382e+17    486.524    1835.48
1.08832e+18    488.725    1835.48
1.19715e+18    490.926    1835.48
1.31687e+18    493.127    1835.48
1.44855e+18    495.328    1835.48
1.59341e+18    497.528    1835.48
1.75275e+18    499.728    1835.48
1.92802e+18    501.928    1835.48
2.12083e+18    504.127    1835.48
2.33291e+18    506.325    1835.48
2.5662e+18    508.523    1835.48
2.82282e+18    510.72    1835.48
3.1051e+18    512.915    1835.48
3.41561e+18    515.11    1835.48
3.75717e+18    517.304    1835.48
4.13289e+18    519.495    1835.48
4.54618e+18    521.687    1835.48
5.0008e+18    523.877    1835.48
5.50088e+18    526.065    1835.48
6.05097e+18    528.251    1835.48
6.65606e+18    530.436    1835.48
7.32167e+18    532.619    1835.48
8.05384e+18    534.8    1835.48
8.85922e+18    536.979    1835.48
9.74514e+18    539.156    1835.48
1.07197e+19    541.331    1835.48
1.17916e+19    543.504    1835.48
1.29708e+19    545.674    1835.48
1.42679e+19    547.842    1835.48
1.56947e+19    550.006    1835.48
1.72641e+19    552.169    1835.48
1.89905e+19    554.329    1835.48
2.08896e+19    556.485    1835.48
2.29785e+19    558.639    1835.48
2.52764e+19    560.79    1835.48
2.7804e+19    562.937    1835.48
3.05844e+19    565.082    1835.48
3.36429e+19    567.222    1835.48
3.70072e+19    569.36    1835.48
4.07079e+19    571.493    1835.48
4.47787e+19    573.624    1835.48
4.92565e+19    575.75    1835.48
5.41822e+19    577.873    1835.48
5.96004e+19    579.991    1835.48
6.55605e+19    582.106    1835.48
7.21165e+19    584.216    1835.48
7.93281e+19    586.322    1835.48
8.7261e+19    588.423    1835.48
9.59871e+19    590.521    1835.48
